2,,,,,,,,,,,,,,,,,,,,,,,,,,,,,,
,,,,,,,,,,,,,,,,,,,,,,,,,,,,,,
,,,,,,,,,,,,,,,,,,,,,,,,,,,,,,
,,,,,,,,,,,,,,,,,,,,,,,,,,,,,,
,,,,,,,,,,,,,,,,,,,,,,,,,,,,,,
,,,,,,,,,,,,,,,,,,,,,,,,,,,,,,
,,,,,,,,,,,,,,,,,,,,,,,,,,,,,,
,,,,,,,,,,,,,,,,,,,,,,,,,,,,,,
,,,,,,,,,,,,,,,,,,,,,,,,,,,,,,
,,,,,,,,,,,,,,,,,,,,,,,,,,,,,,
,,,,,,,,,,,,,,,,,,,,,,,,,,,,,,
,,,,,,,,,,,,,,,,,,,,,,,,,,,,,,
,,,,,,,,,,,,,,,,,,,,,,,,,,,,,,
,,,,,,,,,,,,,,,,,,,,,,,,,,,,,,
,,,,,,,,,,,,,,,,,,,,,,,,,,,,,,
,,,,,,,,,,,,,,12,,,11,11,11,11,11,11,11,11,11,11,11,13,,
,,,,,,,,,,,,,,,,,,,,1,,,,,,,,,,
,,,,,,,,,,,,,,,,,,,,,,,,,,,,,,
,,,,,,,,,,,,,,11,,,,,,,,,,,,,,,,11
,,,,,,,,,,,,,,11,,,,,,,,,,,,,,,,11
,,,,,,,,,,,,,,11,,,,,,,,,,,,,,,,11
,,,,,,,,,,,,,,11,,,,,,,,,,,,,,,,11
,,,,,,,,,,,,,,11,,,,11,11,11,11,11,11,11,11,11,,,,11
,,,,,,,,,,,,,,11,,,,11,,,,,,,,11,,,,11
,,,,,,,,,,,,,,12,,,,,,,9,,,,,,,13,,
,,,,,,,,,,,,,,,,,,,,,,,,,,,,,,
,,,,,,,,,,,,,,,,,,,,,,,,,,,,,,
,,,,,,,,,,,,,,11,,,,11,,,,,,,,11,,,,11
,,,,,,,,,,,,,,11,,,,11,11,11,11,11,11,11,11,11,,,,11
,,,,,,,,,,,,,,11,,,,,,,,,,,,,,,,11
,,,,,,,,,,,,,,11,,,,,,,,,,,,,,,,11
,,,,,,,,,,,,,,11,,,3,,,,,,,,3,,,,,11
,,,,,,,,,,,,,,11,,,,,,,,,,,,,,,,11
,,,,,,,,,,,,,,11,,,,,,,,,,,,,,,,11
,,,,,,,,,,,,,,11,,,,,,,,,,,,,,,,11
,,,,,,,,,,,,,,11,,,11,11,11,11,11,11,11,11,11,11,11,,,11
