,,,,,,,,,,,,,,,,,,,,,,,,,,,,,,
,,,,,,,,,,,,,,,,,,,,,,,,,,,,,,
,,,,,,,,,,,,,,,,,,,,,,,,,,,,,,
,,,,,,,,,,,,,,,,,,,,,,,,,,,,,,
,,,,,,,,,,,,,,,,,,,,,,,,,,,,,,
,,,,,,,,,,,,,,,,,,,,,,,,,,,,,,
,,,,,,,,,,,,,,,,,,,,,,,,,,,,,,
,,,,,,,,,,,,,,,,,,,,,,,,,,,,,,
,,,,,,,,,,,,,,,,,,,,,,,,,,,,,,
,,,,,,,,,,,,,,,,,,,,,,,,,,,,,,
,,,,,,,,,,,,,,,,,,,,,,,,,,,,,,
,,,,,,,,,,,,,,,,,,,,,,,,,,,,,,
,,,,,,,,,,,,,,,,,,,,,,,,,,,,,,
,,,,,,,,,,,,,,,,,,,,,,,,,,,,,,
,,,,,,,,,,,,,,,,,,,,,,,,,,,,,,
,,,,,,,,,,,,,,,,,,,,,,,,,,,,,,
,,,,,,,,,,,,,,,,,,,,,,,,,,,,,,
,,,,,,,,,,,,,,,,,,,,,,,,,,,,,,
,,,,,,,,,,,,,,,,,,,,,,,,,,,,,,
,,,,,,,,,,,,,,,,,,,,,,,,,,,,,,
,,,,,,,,,,,,,,,,,,,,,,,,,,,,,,
,,,,,,,,15,,,15,,,15,,,15,,,,,,,,,,,,,
,,,,,,,,,,,,,,,,,,,,,,10,,,,,,10,,
,,,,,,,,,,,,,,,,,,,,,,,,,,,,,,
,,,,,,,,,,,,,,,,,,,,,,,,,,,,,,
,,,,,,,11,11,11,11,11,11,11,11,14,,,14,,,,13,,,13,,,13,,
,,,,,,,11,11,1,,,,,11,,,,,,,,,,,,,,,,
,,,,,,,11,11,,,,,,11,,,,,,,,,,,,,,,,
,,,,,,,11,11,,,,,,,,,,,,,,,,,,,,,,
,,,,,,,11,11,,,,,,11,2,,,2,,,,3,,,3,,,14,,
,,,,,,,11,11,,,,,,11,,,,,,,,,,,,,,,,
,,,,,,,11,11,11,11,11,11,11,11,,,,,,,,,,,,,,,,
,,,,,,,11,11,8,,,8,,,8,,,14,,,,,,,,,,,,
,,,,,,,11,11,,,,,,,,,,,,,,,,,,,,,,
,,,,,,,11,11,,,,,,,,,,,,,,,,,,,,,,
,,,,,,,11,11,11,11,11,11,11,11,11,11,11,,,,,,,,,,,,,
