2,,,,,,,,,,,,,,,,,,,,,,,,,,,,,,,,
,,,,,,,,,,,,,,,,,,,,,,,,,,,,,,,,
,,,,,,,,,,,,,,,,,,,,,,,,,,,,,,,,
,,,,,,,,,,,,,,,,,,,,,,,,,,,,,,,,
,,,,,,,,,,,,,,,,,,,,,,,,,,,,,,,,
,,,,,,,,,,,,,,,,,,,,,,,,,,,,,,,,
,,,,,,,,,,,,,,,,,,,,,,,,,,,,,,,,
,,,,,,,,,,,,,,,,,,,,,,,,,,,,,,,,
,,,,,,,,,,,,,,,,,,,,,,,,,,,,,,,,
,,,,,,,,,,,,,,,,,,,,,,,,,,,,,,,,
,,,,,,,,,,,,,,,,,,,,,,,,,,,,,,,,
,,,,,,,,,,,,,,,,,,,,,,,,,,,,,,,,
,,,,,,,,,,,,,,,,,,,,,,,,,,,,,,,,
,,,,,,,,,,,,,,,,,,,,,,,,,,,,,,,,
,,,,,,,,,,,,,,,,,,,,,,,,,,,,,,,,
,,,,,,,,,,,,,,,,,,,,,,,,,,,,,,,,
,,,,,,,,,,,,,,,,,,,,,,,,,,,,,,,,
,,,,,,,,,,,,,,,,,,,,,,,,,,,,,,,,
,,,,,,,,,,,,,,,,,,,,,,,,,,,,,,,,
,,,,,,,,,,,,,,,,,,,1,,,,,,,,,,,,,
,,,,,,,,,,,,,,,,,,,,,,,,,,,,,,,,
,,,,,,,,,,,,,,,10,,,,,,,,,,10,,,,,,,
,,,,,,,,,,,,,,,,,,,,,,,,,,,,,,,,
,,,,,,,,,,,,,,11,,,,11,,,,,,11,,,,11,,,,
,,,,,,,,,,11,11,11,11,11,,,,11,11,11,11,11,11,11,,,,11,11,11,11,11
,,,,,,,,,,11,2,,,8,,,,,,,,,,,,8,,,2,,,11
,,,,,,,,,,11,,,,,,,,,,,,,,,,,,,,,,11
,,,,,,,,,,11,,,,,,,,,,,,,,,,,,,,,,11
,,,,,,,,,,11,9,,,,,,,15,,,,15,,,,,,,9,,,11
,,,,,,,,,,11,,,,,,,,,,,,,,,,,,,,,,11
,,,,,,,,,,11,,,,13,,,,,,,,,,,,13,,,,,,11
,,,,,,,,,,11,,,,,,,,,,,,,,,,,,,,,,11
,,,,,,,,,,,,,,,,,,,,,,,,,,,,,,,,
,,,,,,,,,,12,,,,,,,,,,,,,,,,,,,,12,,
,,,,,,,,,,,,,,,,,,,,,,,,,,,,,,,,
,,,,,,,,,,,,,11,11,11,11,11,11,11,11,11,11,11,11,11,11,11,11,11,,,
