2,,,,,,,,,,,,,,,,,,,,,,,,,,,,,,,,
,,,,,,,,,,,,,,,,,,,,,,,,,,,,,,,,
,,,,,,,,,,,,,,,,,,,,,,,,,,,,,,,,
,,,,,,,,,,,,,,,,,,,,,,,,,,,,,,,,
,,,,,,,,,,,,,,,,,,,,,,,,,,,,,,,,
,,,,,,,,,,,,,,,,,,,,,,,,,,,,,,,,
,,,,,,,,,,,,,,,,,,,,,,,,,,,,,,,,
,,,,,,,,,,,,,,,,,,,,,,,,,,,,,,,,
,,,,,,,,,,,,,,,,,,,,,,,,,,,,,,,,
,,,,,,,,,,,,,,,,,,,,,,,,,,,,,,,,
,,,,,,,,,,,,,,,,,,,,,,,,,,,,,,,,
,,,,,,,,,,,,,,,,,,,,,,,,,,,,,,,,
,,,,,,,,,,,,,,,,,,,,,,,,,,,,,,,,
,,,,,,,,,,,,,,,,,,,,,,,,,,,,,,,,
,,,,,,,,,,,,,,,,,,,,,,,,,,,,,,,,
,,,,,,,,,,,,,,,,,,,,,,,,,,,,,,,,
,,,,,,,,,,,,,,,,,,,,,,,,,,,,,,,,
,,,,,,,,,,,,,,,,,,,,,,,,,,,,,,,,
,,,,,,,,,,,,,11,11,11,11,11,11,11,1,,,,,11,11,11,11,11,11,11,
,,,,,,,,,,,,,11,2,,,2,,,,,,,,3,,,3,,,11,
,,,,,,,,,,,,,11,,,,,,,,,,,,,,,,,,11,
,,,,,,,,,,,,,11,,,,,,,,,,,,,,,,,,11,
,,,,,,,,,,,,,11,11,11,11,11,11,11,,,,,,11,11,11,11,11,11,11,
,,,,,,,,,,,,15,,,,11,9,,,,,,,,9,,,11,,15,,
,,,,,,,,,,,,,,,,11,,,,,,,,,,,,11,,,,
,,,,,,,,,,,,,,,,11,,,,,8,,,,,,,11,,,,
,,,,,,,,,,,,,,,,11,,,,,,,,,,,,11,,,,
,,,,,,,,,,,,,,,,11,10,,,,,,,,10,,,11,,,,
,,,,,,,,,,,,,,,,11,,,,,,,,,,,,11,,,,
,,,,,,,,,,,,,,,,11,,,,,,,,,,,,11,,,,
,,,,,,,,,,,,,,,,11,,,,,,,,,,,,11,,,,
,,,,,,,,,,,,12,,,,11,12,,,11,14,,,11,12,,,11,,12,,
,,,,,,,,,,,,,,,,11,,,,11,,,,11,,,,11,,,,
,,,,,,,,,,,,,,,,11,,,,11,,,,11,,,,11,,,,
,,,,,,,,,,,,,,,,11,,,,11,,,,11,,,,11,,,,
,,,,,,,,,,,,,,,,,,,,11,,,,11,,,,,,,,
