,,,,,,,,,,,,,,,,,,,,,,,,,,,,,,,
,,,,,,,,,,,,,,,,,,,,,,,,,,,,,,,
,,,,,,,,,,,,,,,,,,,,,,,,,,,,,,,
,,,,,,,,,,,,,,,,,,,,,,,,,,,,,,,
,,,,,,,,,,,,,,,,,,,,,,,,,,,,,,,
,,,,,,,,,,,,,,,,,,,,,,,,,,,,,,,
,,,,,,,,,,,,,,,,,,,,,,,,,,,,,,,
,,,,,,,,,,,,,,,,,,,,,,,,,,,,,,,
,,,,,,,,,,,,,,,,,,,,,,,,,,,,,,,
,,,,,,,,,,,,,,,,,,,,,,,,,,,,,,,
,,,,,,,,,,,,,,,,,,,,,,,,,,,,,,,
,,,,,,,,,,,,,,,,,,,,,,,,,,,,,,,
,,,,,,,,,,,,,,,,,,,,,,,,,,,,,,,
,,,,,,,,,,,,,,11,11,11,11,11,11,11,11,11,11,11,11,11,,,,,
,,,,,,,,,,,,,11,2,,,11,1,,,,,11,2,,,11,,,,
,,,,,,,,,,,,11,,,,,11,,,,,,11,,,,,11,,,
,,,,,,,,,,,11,,,,,,11,,,,,,11,,,,,,11,,
,,,,,,,,,,11,,,,10,,,,,,,,,,10,,,,,,11,
,,,,,,,,,,,11,,,,,,,,,,,,,,,,,,11,,
,,,,,,,,,,,,11,,,,,,,,,,,,,,,,11,,,
,,,,,,,,,,3,,,,,,,9,,,,8,,,,,,,3,,,
,,,,,,,,,,,,,,,,,,,,,,,,,,,,,,,
,,,,,,,,,,,,,,,,,,,,,,,,,,,,,,,
,,,,,,,,,,,,11,,,,,,,10,,,,,,,,,11,,,
,,,,,,,,,,,11,,,,,,11,,,,,,11,,,,,,11,,
,,,,,,,,,15,,,11,,8,,,,11,,,,11,,8,,,,11,15,,
,,,,,,,,,,,,,11,,,,,,,,,,,,,,11,,,,
,,,,,,,,,,,,11,,,,,,,,,,,,,,,,11,,,
,,,,,,,,,,,11,,,3,,,,,,,,,,3,,,,,11,,
,,,,,,,,,,,,11,,,,,,,,,,,,,,,,11,,,
,,,,,,,,,,,,,11,,,,11,,,,,,11,,,,11,,,,
,,,,,,,,,,,,,,11,,11,9,,,,9,,,11,,11,,,,,
,,,,,,,,,,,,,,,11,,,,,,,,,,11,,,,,,
,,,,,,,,,,,,,,,11,,,,,,,,,,11,,,,,,
,,,,,,,,,,,,,,,,11,,,,,,,,11,,,,,,,
,,,,,,,,,,,,,,,,,11,,,,,,11,,,,,,,,
