1,,,,,,,,,,,,,,,,,,,,,,,,,,,,,,
,,,,,,,,,,,,,,,,,,,,,,,,,,,,,,
,,,,,,,,,,,,,,,,,,,,,,,,,,,,,,
,,,,,,,,,,,,,,,,,,,,,,,,,,,,,,
,,,,,,,,,,,,,,,,,,,,,,,,,,,,,,
,,,,,,,,,,,,,,,,,,,,,,,,,,,,,,
,,,,,,,,,,,,,,,,,,,,,,,,,,,,,,
,,,,,,,,,,,,,,,,,,,,,,,,,,,,,,
,,,,,,,,,,,,,,,,,,,,,,,,,,,,,,
,,,,,,,,,,,,,,,,,,,,,,,,,,,,,,
,,,,,,,,,,,,,,,,,,,,,,,,,,,,,,
,,,,,,,,,,,,,,,,,,,,,,,,,,,,,,
,,,,,,,,,,,,,,,,,,,,,,,,,,,,,,
,,,,,,,,,,,,,,,,,,,,,,,,,,,,,,
,,,,,,,,,,,,,,,,,,,,,,11,11,11,11,11,11,11,11,11
,,,,,,,,,,,,,,,,11,,3,,,,11,,,,,,,,11
,,,,,,,,,,,,,,,,11,,,,,,11,,1,,,,,,11
,,,,,,,,,,,,,,,,11,,,,,,11,,,,,,,,11
,,,,,,,,,,,,,,,,11,,,,,,,,,,,,,,
,,,,,,,,,,,,,,,,11,,2,,,,11,,,,,,,,11
,,,,,,,,,,,,,,,,11,,,,,,11,,,,,,,,11
,,,,,,,,,,,,,,,,11,,,,,,11,,,,,,,,11
,,,,,,,,,,,,,,,,,,,,,,11,11,11,11,,11,11,11,11
,,,,,,,,,,,,,,,,,,,,,,,,,,,,,,
,,,,,,,,,,,,,,,,,,9,,,,,,,,,,,,
,,,,,,,,,,,,,,,,11,,,,,,,,,,,,,,
,,,,,,,,,,,,,,,,11,,,,,,,,,,,,,,
,,,,,,,,,,,,,,,,11,,,,,,,,,,,,,,
,,,,,,,,,,,,,,,,11,11,11,11,,,,,,,13,,,,
,,,,,,,,,,,,,,,,,,,,,,,,,,,,,,11
,,,,,,,,,,,,,,,,,,,,,,,,,,,,,,11
,,,,,,,,,,,,,,,,,,,,,,,,,,,,,,11
,,,,,,,,,,,,,,,,,,12,,,,,,,,,11,11,11,11
,,,,,,,,,,,,,,,,11,,,,,,,,,,,,,,
,,,,,,,,,,,,,,,,11,,,,,,,,,,,,,,
,,,,,,,,,,,,,,,,11,,,,,,,,,,,,,,
,,,,,,,,,,,,,,,,11,11,11,11,,,,,,,,,,,