,,,,,,,,,,,,,,,,,,,,,,,,,,,,
,,,,,,,,,,,,,,,,,,,,,,,,,,,,
,,,,,,,,,,,,,,,,,,,,,,,,,,,,
,,,,,,,,,,,,,,,,,,,,,,,,,,,,
,,,,,,,,,,,,,,,,,,,,,,,,,,,,
,,,,,,,,,,,,,,,,,,,,,,,,,,,,
,,,,,,,,,,,,,,,,,,,,,,,,,,,,
,,,,,,,,,,,,,,,,,,,,,,,,,,,,
,,,,,,,,,,,,,,,,,,,,,,,,,,,,
,,,,,,,,,,,,,,,,,,,,,,,,,,,,
,,,,,,,,,,,,,,,,,,,,,,,,,,,,
,,,,,,,,,,,,,,,,,,,,,,,,,,,,
,,,,,,,,,,,,,,,,,,,,,,,,,,,,
,,,,,,,,,,,,,,,,,,,,,,,,,,,,
,,,,,,,,,,,,,,,,,,,,,,,,,,,,
,,,,,,,,,,,,,,,,,,,,,,,,,,,,
,,,,,,,,,,,,,,,,,,,,,,,,,,,,
,,,,,,,,,,9,,,,,,,,9,,,,,,,,,,
,,,,,,,,,,,,,,,,,,,,,,,,,,,,
,,,,,,,,,,,,,11,11,11,11,11,,,,,,,,,,,
,,,,,,,,,,,,11,1,,,,,11,11,11,11,11,12,,,15,,
,,,,,,,,,,,,11,,,,,,2,,,,,,,,,,
,,,,,,,,,,,,11,,,,,,,,,,,,,,,,
,,,,,,,,,,,,11,,,,,,,,,,,,,,,,
,,,,,,,,,,,,11,,,,,,11,11,11,,11,8,,,13,,
,,,,,,,,,,,,,11,2,,,11,,,,,11,,,,,,
,,,,,,,,,,,,,11,,,,11,,10,,,11,,,,,,
,,,,,,,,,,9,,,11,,,,11,,,,,11,8,,,,,
,,,,,,,,,,,,,11,,,,,,,,,11,,,,,,
,,,,,,,,,,,,,11,,,,11,11,11,11,11,11,,,,,,
,,,,,,,,,,,,,12,,,,8,,,15,,,15,,,,,
,,,,,,,,,,,,,,,,,,,,,,,,,,,,
,,,,,,,,,,,,,,,,,,,,,,,,,,,,
,,,,,,,,,,,,,15,,,,13,,,,,,,,,,,
,,,,,,,,,,,,,,,,,,,,,,,,,,,,
,,,,,,,,,,,,,,,,,,,,,,,,,,,,
