2,,,,,,,,,,,,,,,,,,,,,,,,,,,,,,,,,
,,,,,,,,,,,,,,,,,,,,,,,,,,,,,,,,,
,,,,,,,,,,,,,,,,,,,,,,,,,,,,,,,,,
,,,,,,,,,,,,,,,,,,,,,,,,,,,,,,,,,
,,,,,,,,,,,,,,,,,,,,,,,,,,,,,,,,,
,,,,,,,,,,,,,,,,,,,,,,,,,,,,,,,,,
,,,,,,,,,,,,,,,,,,,,,,,,,,,,,,,,,
,,,,,,,,,,,,,,,,,,,,,,,,,,,,,,,,,
,,,,,,,,,,,,,,,,,,,,,,,,,,,,,,,,,
,,,,,,,,,,,,,,,,,,,,,,,,,,,,,,,,,
,,,,,,,,,,,,,,,,,,,,,,,,,,,,,,,,,
,,,,,,,,,,,,,,,,,,,,,,,,,,,,,,,,,
,,,,,,,,,,,,,,,,,,,,,,,,,,,,,,,,,
,,,,,,,,,,,,,,,,,,,,,,,,,,,,,,,,,
,,,,,,,,,,,,,,,,,,,11,11,11,11,11,11,11,,,,,,,,
,,,,,,,,,,,,,,,,,,,11,1,,,,,11,,,,,,,,
,,,,,,,,,,,,,,,,,,,11,,,,,,11,,,,,,,,
,,,,,,,,,,,,,,,,,,,11,,,,,,11,,,,,,,,
,,,,,,,,,,,,,,,,,,,11,,,,,,11,,,,,,,,
,,,,,,,,,,,11,11,11,11,11,11,11,11,11,,,,,,11,11,11,11,11,11,11,11,11
,,,,,,,,,,,11,13,,,,13,,,,,10,,,,,13,,,,13,,,11
,,,,,,,,,,,11,,,,,,,,,,,,,,,,,,,,,,11
,,,,,,,,,,,11,,,,,,,,,,,,,,,,,,,,,,11
,,,,,,,,,,,11,,,,,,,,,,,,,,,,,,,,,,11
,,,,,,,,,,,11,12,,,,,,,,,8,,,,,,,,,12,,,11
,,,,,,,,,,,11,,,,,,,,,,,,,,,,,,,,,,11
,,,,,,,,,,,11,,,,,,,,,,,,,,,,,,,,,,11
,,,,,,,,,,,11,,,,,11,11,11,11,11,11,11,11,11,11,11,11,11,,,,,11
,,,,,,,,,,,11,,,,,,2,,,,8,,,,2,,,,,,,,11
,,,,,,,,,,,11,,,,,,,,,,,,,,,,,,,,,,11
,,,,,,,,,,,11,,,,,,,,,,,,,,,,,,,,,,11
,,,,,,,,,,,11,,,,,,,,,,,,,,,,,,,,,,11
,,,,,,,,,,,11,,,,,,3,,,,10,,,,3,,,,,,,,11
,,,,,,,,,,,11,,,,11,,,,,,,,,,,,,,11,,,,11
,,,,,,,,,,,11,,,,11,,,,,,,,,,,,,,11,,,,11
,,,,,,,,,,,,,,,11,11,11,11,11,11,11,11,11,11,11,11,11,11,11,,,,
