,,,,,,,,,,,,,,,,,,,,,,,,,,,,
,,,,,,,,,,,,,,,,,,,,,,,,,,,,
,,,,,,,,,,,,,,,,,,,,,,,,,,,,
,,,,,,,,,,,,,,,,,,,,,,,,,,,,
,,,,,,,,,,,,,,,,,,,,,,,,,,,,
,,,,,,,,,,,,,,,,,,,,,,,,,,,,
,,,,,,,,,,,,,,,,,,,,,,,,,,,,
,,,,,,,,,,,,,,,,,,,,,,,,,,,,
,,,,,,,,,,,,,,,,,,,,,,,,,,,,
,,,,,,,,,,,,,,,,,,,,,,,,,,,,
,,,,,,,,,,,,,,,,,,,,,,,,,,,,
,,,,,,,,,,,,,,,,,,,,,,,,,,,,
,,,,,,,,,,,,,,,,,,,,,,,,,,,,
,,,,,,,,,,,,,,,,,,,,,,,,,,,,
,,,,,,,,,,,,,,,,,,,,,,,,,,,,
,,,,,,,,,,,,,,,,,,,,,,,,,,,,
,,,,,,,,,,,,,,,,,,,,,,,,,,,,
,,,,,,,,,,,,,,,,,,,,,,,,,,,,
,,,,,,,,,,,,,,,,,,,,,,,,,,,,
,,,,,,,,,,,,,,,,,,,,,,,,,,,,
,,,,,,,,,,,,,,,11,11,11,11,11,11,11,,,,,,,
,,,,,,,,,,,,,,,11,1,,,,,11,,,,,,,
,,,,,,,,,,,,,,,11,,,,,,11,,,,,,,
,,,,,,,,,,10,,,8,,,,,,,,8,,,10,,,,
,,,,,,,,,,,,,,,,,,,,,,,,,,,,
,,,,,,,,,,,,,,,,,,,,,,,,,,,,
,,,,,,,,8,,,13,,,15,,,,,,15,,,13,,,8,,
,,,,,,,,,,,,,,,,,11,11,11,,,,,,,,,
,,,,,,,,,,,,,,,,,,,,,,,,,,,,
,,,,,,,,15,,,,,,,,,,,,,,,,,,15,,
,,,,,,,,,,,,,,,,,,,,,,,,,,,,
,,,,,,,,,,,,11,11,11,11,,,,,,11,11,11,11,,,,
,,,,,,,,13,,,,8,,,2,,,11,3,,,8,,,,13,,
,,,,,,,,,,,,,,,,,,11,,,,,,,,,,
,,,,,,,,,,,,,,,,,,11,,,,,,,,,,
,,,,,,,,,,,,11,11,11,11,,,,,,11,11,11,11,,,,
