,,,,,,,,,,,,,,,,,,,,,,,,,,,,,,
,,,,,,,,,,,,,,,,,,,,,,,,,,,,,,
,,,,,,,,,,,,,,,,,,,,,,,,,,,,,,
,,,,,,,,,,,,,,,,,,,,,,,,,,,,,,
,,,,,,,,,,,,,,,,,,,,,,,,,,,,,,
,,,,,,,,,,,,,,,,,,,,,,,,,,,,,,
,,,,,,,,,,,,,,,,,,,,,,,,,,,,,,
,,,,,,,,,,,,,,,,,,,,,,,,,,,,,,
,,,,,,,,,,,,,,,,,,,,,,,,,,,,,,
,,,,,,,,,,,,,,,,,,,,,,,,,,,,,,
,,,,,,,,,,,,,,,,,,,,,,,,,,,,,,
,,,,,,,,,,,,,,,,,,,,,,,,,,,,,,
,,,,,,,,,,,,,,,,,,,,,,,,,,,,,,
,,,,,,,,,,,,,,,,,,,,,,,,,,,,,,
,,,,,,,,,,,,,,,,,,,,,,,,,,,,,,
,,,,,,,,,,,,,,,,,,,,,,,,,,,,,,
,,,,,,,,,,,,,,,,,,,,,,,,,,,,,,
,,,,,,,,,,,,,,,11,11,11,11,11,11,11,11,11,11,,,,,,
,,,,,,,,,,,,,,,11,1,,,,,2,,,11,,,,,,
,,,,,,,,,,,,,,,11,,,,,,,,,11,,,,,,
,,,,,,,,,,,,,,,11,,,,,,,,,11,,,,,,
,,,,,,,,,,,,,,,11,,,,,,,,,11,,,,,,
,,,,,,,,,,,,,,,11,,,,,,3,,,11,,,,,,
,,,,,,,,,,,,,,,11,2,,,,,,,,11,,,,,,
,,,,,,,,,,,,,,,11,,,,,,,,,11,,,,,,
,,,,,,,,,11,11,11,11,,,11,,,,,,,,,11,,,11,11,11,11
,,,,,,,,,11,14,,,14,,,8,,,,,8,,,14,,,14,,,11
,,,,,,,,,11,,,,,,,,,,,,,,,,,,,,,11
,,,,,,,,,11,,,,,,,,,,,,,,,,,,,,,11
,,,,,,,,,,,,,,,,,,,,,,,,,,,,,,
,,,,,,,,,,,,11,8,,,,,,,,,,,8,,,11,,,
,,,,,,,,,,,,11,,,,,,,,,,,,,,,11,,,
,,,,,,,,,,,,11,,,,,8,,,8,,,,,,,11,,,
,,,,,,,,,,,,11,11,11,11,,,,,,,,,11,11,11,11,,,
,,,,,,,,,,,,,,,,,,,,,,,,,,,,,,
,,,,,,,,,,,,,,,,,11,11,11,11,11,11,,,,,,,,
