1,,,,,,,,,,,,,,,,,,,,,,,,,,,,,,,
,,,,,,,,,,,,,,,,,,,,,,,,,,,,,,,
,,,,,,,,,,,,,,,,,,,,,,,,,,,,,,,
,,,,,,,,,,,,,,,,,,,,,,,,,,,,,,,
,,,,,,,,,,,,,,,,,,,,,,,,,,,,,,,
,,,,,,,,,,,,,,,,,,,,,,,,,,,,,,,
,,,,,,,,,,,,,,,,,,,,,,,,,,,,,,,
,,,,,,,,,,,,,,,,,,,,,,,,,,,,,,,
,,,,,,,,,,,,,,,,,,,,,,,,,,,,,,,
,,,,,,,,,,,,,,,,,,,,,,,,,,,,,,,
,,,,,,,,,,,,,,,,,,,,,,,,,,,,,,,
,,,,,,,,,,,,,,,,,,,,,,,,,,,,,,,
,,,,,,,,,,,,,,,,,,,,,2,,,,2,,,,2,,
,,,,,,,,,,,,,,,,,,,,,,,,,,,,,,,
,,,,,,,,,,,,,,11,11,11,11,11,11,11,,,,,,,,,,,
,,,,,,,,,,,,,,11,1,,,,,11,11,11,11,11,11,11,11,11,11,11,11
,,,,,,,,,,,,,,11,,,,,,,,,,,,,,9,,,11
,,,,,,,,,,,,,,11,,,,,,,,,,,,,,,,,11
,,,,,,,,,,,,,,11,,,,,,,,,,,,,,,,,11
,,,,,,,,,,,,,,11,,,,,,11,,,,,,,,11,11,11,11
,,,,,,,,,,,,,,11,11,11,11,11,11,11,,,,,,,,,,,11
,,,,,,,,,,,,,,11,,,,,,,,,,,,,,,,,11
,,,,,,,,,,,,,,11,,10,,,,,3,,,,,8,,,,,11
,,,,,,,,,,,,,,11,,,,,,,,,,,,,,,,,11
,,,,,,,,,,,,,,11,,,,,,,,,,,,,,,,,11
,,,,,,,,,,,14,,,11,,,,,,,,,,,,,,,,,11
,,,,,,,,,,,,,,11,,,,,,,,,,,,,,,,,11
,,,,,,,,,,,,,,11,,,,,,,,,,,,,,,,,11
,,,,,,,,,,,,,,11,,12,,,,,3,,,,,12,,,,,11
,,,,,,,,,,,,,,11,,,,,,,,,,,,,,,,,11
,,,,,,,,,,,,,,11,,,,,,,,,,,,,,,,,11
,,,,,,,,,,,,,,11,,,,,,,,,,,,,,,,,11
,,,,,,,,,,,,,,11,11,11,11,,,,,,,,,,,11,11,11,11
,,,,,,,,,,,,,,,14,,,,,,,,,,,,,9,,,11
,,,,,,,,,,,,,,,,,,,,,,,,,,,,,,,11
,,,,,,,,,,,,,,,,,,,,,,,,,,,,,,,11
,,,,,,,,,,,,,,,,,,,,,,,,,,,,11,11,11,11
