2,,,,,,,,,,,,,,,,,,,,,,,,,,,,,,,,,,
,,,,,,,,,,,,,,,,,,,,,,,,,,,,,,,,,,
,,,,,,,,,,,,,,,,,,,,,,,,,,,,,,,,,,
,,,,,,,,,,,,,,,,,,,,,,,,,,,,,,,,,,
,,,,,,,,,,,,,,,,,,,,,,,,,,,,,,,,,,
,,,,,,,,,,,,,,,,,,,,,,,,,,,,,,,,,,
,,,,,,,,,,,,,,,,,,,,,,,,,,,,,,,,,,
,,,,,,,,,,,,,,,,,,,,,,,,,,,,,,,,,,
,,,,,,,,,,,,,,,,,,,,,,,,,,,,,,,,,,
,,,,,,,,,,,,,,,,,,,,,,,,,,,,,,,,,,
,,,,,,,,,,,,,,,,,,,,,,,,,,,,,,,,,,
,,,,,,,,,,,,,,,,,,,,,,,,,,,,,,,,,,
,,,,,,,,,,,,,,,,,,,,,,,,,,,,,,,,,,
,,,,,,,,,,,,,,,,,,,,,,,,,,,,,,,,,,
,,,,,,,,,,,,,,,,,,,,,,,,,,,,,,,,,,
,,,,,,,,,,,,,,,,,,,,,,,,,,,,,,,,,,
,,,,,,,,,,,,,,,,,,,,,,,,,,,,,,,,,,
,,,,,,,,,,,,,,,,,,,,,,,,,,,,,,,,,,
,,,,,,,,,,,,,,,,,,,,,,,,,,,,,,,,,,
,,,,,,,,,,11,11,11,11,11,11,11,11,11,11,11,11,11,11,11,11,11,11,11,11,11,11,11,11,11
,,,,,,,,,,11,12,,,,2,,,,,,,,,,,,2,,,,13,,,11
,,,,,,,,,,11,,,,,,,,,,1,,,,,,,,,,,,,,11
,,,,,,,,,,11,,,,,,,,,,,,,,,,,,,,,,,,11
,,,,,,,,,,11,,,,,,,,,,,,,,,,,,,,,,,,11
,,,,,,,,,,11,,,,,3,,,,,,,,,,,,3,,,,,,,11
,,,,,,,,,,11,,,,,,,,,,,,,,,,,,,,,,,,11
,,,,,,,,,,11,,,,,,,,,,,,,,,,,,,,,,,,11
,,,,,,,,,,11,,,,,,,,,,,,,,,,,,,,,,,,11
,,,,,,,,,,11,,,,11,11,11,11,11,11,11,11,11,11,11,11,11,11,11,11,11,,,,11
,,,,,,,,,,11,,,,11,,,,,,,,,,,,,,,,11,,,,11
,,,,,,,,,,11,,,,11,,,,,,,9,,,,,,,,,11,,,,11
,,,,,,,,,,11,,,,11,,,,,,,,,,,,,,,,11,,,,11
,,,,,,,,,,11,,,,11,,,,,,,,,,,,,,,,11,,,,11
,,,,,,,,,,11,,,,11,,,,,,,,,,,,,,,,11,,,,11
,,,,,,,,,,11,,,,11,,,,,,,,,,,,,,,,11,,,,11
,,,,,,,,,,11,,,,11,,,,,,,,,,,,,,,,11,,,,11
