,,,,,,,,,,,,,,,,,,,,,,,,,,,,,
,,,,,,,,,,,,,,,,,,,,,,,,,,,,,
,,,,,,,,,,,,,,,,,,,,,,,,,,,,,
,,,,,,,,,,,,,,,,,,,,,,,,,,,,,
,,,,,,,,,,,,,,,,,,,,,,,,,,,,,
,,,,,,,,,,,,,,,,,,,,,,,,,,,,,
,,,,,,,,,,,,,,,,,,,,,,,,,,,,,
,,,,,,,,,,,,,,,,,,,,,,,,,,,,,
,,,,,,,,,,,,,,,,,,,,,,,,,,,,,
,,,,,,,,,,,,,,,,,,,,,,,,,,,,,
,,,,,,,,,,,,,,,,,,,,,,,,,,,,,
,,,,,,,,,,,,,,,,,,,,,,,,,,,,,
,,,,,,,,,,,,,,,,,,,,,,,,,,,,,
,,,,,,,,,,,,,,,,,,,,,,,,,,,,,
,,,,,,,,,,,,,,,,,,,,,,,,,,,,,
,,,,,,,,,,,,,,,,,,,,,,,,,,,,,
,,,,,,,,,,,,,,,,,,,,,,,,,,,,,
,,,,,,,,,,,,,,,,,,,,,,,,,,,,,
,,,,,,,,,,,,8,,,,3,,,,8,,,,,,,,,
,,,,,,,,,,,,,,,,,,,,,,,,,,,,,
,,,,,,,,,,,,,,,,,,,,,,,,,,,,,
,,,,,,,,,,,,11,11,11,1,,,,,11,11,11,,,,,,,
,,,,,,,,11,15,,,12,,,,,,,,12,,,15,,,11,,,
,,,,,,,,11,,,,,,,,,,,,,,,,,,11,,,
,,,,,,,,11,,,,,,,,,,,,,,,,,,11,,,
,,,,,,,,11,,,,,,,,,,,,,,,,,,11,,,
,,,,,,,,11,,,,,,,,,,,,,,,,,,11,,,
,,,,,14,,,2,,,8,,,,,12,,,,,8,,,2,,,14,,
,,,,,,,,,,,,,,,,,,,,,,,,,,,,,
,,,,,,,,,,,,,,,,,,,,,,,,,,,,,
,,,,,,,,11,11,11,8,,,,,,,,,,8,,,11,11,11,,,
,,,,,,,,,,11,,,,,,,,,,,,,,11,,,,,
,,,,,,,,11,11,11,,,,,,12,,,,,,,,11,11,11,,,
,,,,,,,,14,,,12,,,,,,,,,,12,,,14,,,,,
,,,,,,,,,,,,,,,,,,,,,,,,,,,,,
,,,,,,,,,,,,,,,,,,,,,,,,,,,,,
