2,,,,,,,,,,,,,,,,,,,
,,,,,54,,,,56,,,56,,54,,,53,,
,,,,56,54,,,56,,,56,,,54,,,53,,
,,,54,,54,,56,,,56,,,,54,,53,53,53,
,,56,54,,,56,,,56,,,,,54,53,53,53,53,53
,54,,54,,56,,,56,,,,56,,54,,53,53,53,
56,54,,,56,,,56,,,56,56,56,56,54,,,53,,
,54,,56,,,56,,,,,,56,,54,54,,53,,53
,,56,,,56,,,,,53,,,,54,54,,,53,53
,56,,,56,,,,,53,53,53,,,54,54,,53,,53
56,,,56,,,56,53,53,53,53,53,53,53,54,54,53,53,53,
,56,,,56,,,,,53,53,53,,,54,54,,53,,53
,54,56,,,56,,,,,53,,,,54,54,,,53,53
56,54,,56,,,56,,,,,,56,,54,54,,53,,53
,54,,,56,,,56,,,56,56,56,56,54,,,53,,
,,,54,,56,,,56,,,,56,,54,,53,53,53,
,,56,54,,,56,,,56,,,,,54,53,53,53,53,53
,,,54,,54,,56,,,56,,,,54,,53,53,53,
,,,,56,54,,,56,,,56,,,54,,,53,,
,,,,,54,,,,56,,,,,,,,53,,
