2,,,,,,,,,,,,,,,,,,,
52,55,,56,,,,56,,53,53,,,,,,54,54,56,54
52,55,,,,56,,,,53,,53,,,,54,54,56,54,56
52,55,56,,56,,56,,54,53,,,53,,,,54,54,56,54
52,55,,,,56,,,,53,,,,53,,,,,54,
52,55,,56,,,,56,,53,,56,54,56,53,,,,,
52,55,53,53,53,53,53,53,53,53,,,56,,,53,,,,
52,55,,,,,,56,,,,,,,,,53,,,
52,55,,,,,,,,56,54,54,54,54,54,56,,53,,
52,55,56,,56,,56,,,54,,,56,,,54,,53,,
52,55,,,,,,,,54,54,54,54,54,54,54,,53,,
52,55,,,,,,,,54,54,54,54,54,54,54,,53,,
52,55,56,,56,,56,,,54,,,56,,,54,,53,,
52,55,,,,,,,,56,54,54,54,54,54,56,,53,,
52,55,,,,,,56,,,,,,,,,53,,,
52,55,53,53,53,53,53,53,53,53,,,56,,,53,,,,
52,55,,56,,,,56,,53,,56,54,56,53,53,53,53,53,53
52,55,,,,56,,,,53,,,,53,53,53,53,53,53,53
52,55,56,,56,,56,,54,53,,,53,,,,,,,
52,55,,,,56,,,,53,,53,,,,,,,,
52,55,,56,,,,56,,53,53,,,,,,,,,
